[ 0.08033537 -0.06063768 -0.15023085 -0.06107526 -0.07207468  0.05254379
 -0.01033049 -0.06899634  0.0301687  -0.00269905  0.0736683  -0.03169253
 -0.09422982 -0.0730932   0.09731066  0.21513311  0.07111425  0.03604781
  0.01548887  0.02723811 -0.11225576 -0.00487792  0.07959193  0.21038948
 -0.00971921  0.14200045 -0.01127422 -0.00256291 -0.11955173  0.04453556
 -0.13837171  0.03688919 -0.02889122  0.02039451  0.03472442 -0.01885599
  0.03445551 -0.08184054  0.03947178 -0.04979092 -0.02371087 -0.00156297
  0.03225556 -0.01259382 -0.0115382  -0.02679149  0.04210397 -0.0649014
  0.01702163  0.00886926 -0.17701373 -0.06889029 -0.05714829 -0.05424261
  0.0458257  -0.0858657   0.06100384 -0.08044537 -0.02592346 -0.01467415
 -0.15789071 -0.07403597 -0.13174992 -0.0022539  -0.01694494  0.06467932
 -0.05562574  0.0058155   0.11633936 -0.0764093  -0.01255109 -0.01350604
  0.06065789 -0.08999908  0.00117775 -0.06460788  0.0219387   0.06565238
 -0.02482758  0.06076668 -0.14787707  0.0030175  -0.02350502 -0.03859346
 -0.0265266  -0.05564643  0.0186712  -0.11782869  0.08379463 -0.00205266
 -0.03453229 -0.08938485  0.01459518  0.0723034  -0.06719471  0.08274486
 -0.02182489  0.14986654 -0.04977398 -0.02143928 -0.07237171  0.13584444
  0.08351933  0.2040663   0.01113723 -0.08313323 -0.02269052 -0.04314185
 -0.02319818 -0.07782942 -0.07461849  0.00856703 -0.09422882  0.03847076
  0.12773868 -0.02560755 -0.08160465 -0.03166308  0.11223757  0.02394811
 -0.09757817 -0.01081481  0.05515237 -0.06646715 -0.15097413  0.09594335
 -0.00907356  0.07709741 -0.02123789  0.00794255  0.05696419 -0.10185018
  0.14862408 -0.01266146 -0.02898487  0.0357268  -0.02557288 -0.11605496
  0.04517569 -0.07983446 -0.00624198 -0.02174715 -0.02805356 -0.00876152
 -0.03037172 -0.10257412  0.03877042  0.20273269 -0.01878458  0.05700126
  0.13415913  0.02011767 -0.07636794  0.01934637  0.01357217  0.00054219
  0.02452045  0.02980427 -0.04866286  0.06991868  0.04278726  0.00538074
 -0.01469162 -0.03126334 -0.0589666  -0.09209858 -0.0398221   0.04312009
 -0.08835489  0.09453943 -0.20829005  0.01155837 -0.01417409  0.02668632
 -0.10106091 -0.07903118 -0.01037447  0.0134533   0.04099374  0.00550557
 -0.02575293 -0.09422854  0.00982885 -0.00497956 -0.05489965 -0.03128159
  0.01225837  0.00057407  0.1014151   0.09946381  0.05992881 -0.03059394
 -0.01765747  0.08873044  0.0068578   0.03097696  0.0343528   0.06900459
 -0.12438877 -0.05077218  0.00860742 -0.04222267 -0.01585075  0.00859114
 -0.08982317  0.03738381 -0.10401744 -0.01120164 -0.0308888   0.0854237
 -0.11998917  0.02108832  0.04272655 -0.03148783 -0.0520514   0.08462495
 -0.1312547   0.00146547  0.05936337 -0.06239079  0.03285591  0.04970933
  0.0179574  -0.0476532  -0.05963569 -0.10644854 -0.02523067 -0.06754332
  0.13985241 -0.00369149 -0.06227321 -0.12452654 -0.01431726 -0.05457476
 -0.02100853 -0.11084338 -0.02099703 -0.08659615 -0.0288464   0.1166512
  0.01674384  0.00693479 -0.09704753  0.02069376  0.11010539 -0.10478409
  0.11603292  0.08082887 -0.0834306   0.01580988 -0.06355064  0.02774141
  0.01776766 -0.006145   -0.08201971  0.08775272 -0.07272534  0.01174639
  0.08389642 -0.02052181 -0.01792214  0.02302138 -0.22587878  0.0705871
  0.09294852  0.06607433  0.04337307  0.05499747  0.06229499 -0.09825354
 -0.11755304 -0.01571786 -0.20558416  0.09123239 -0.09358314  0.0707142
 -0.0676524   0.02103965 -0.02814818  0.11607235  0.06574437 -0.03966322
 -0.00088644  0.00229976 -0.0033441   0.06495722 -0.08915882 -0.06184419
 -0.00714097 -0.04207309  0.0590344   0.04115977 -0.17516422 -0.00389784
  0.05432092 -0.03214071 -0.13276322  0.01877139 -0.09972723  0.07443062 ]
[  3.97444767e-02  -1.79615552e-02  -1.50906226e-01  -6.30244398e-02
  -4.53860175e-02   9.69621048e-03  -1.55657164e-02  -3.60056312e-03
   6.43960618e-02  -3.11670477e-02   6.56853495e-02   2.84583665e-02
  -8.59464619e-02  -6.59055039e-02   1.23666546e-01   1.72442153e-01
   4.82778576e-02   5.82813265e-02   3.19835405e-02  -2.43365594e-02
  -2.74430798e-02   1.10034687e-02   3.66452291e-02   1.74850363e-01
   1.88483654e-02   1.68489247e-01  -2.17899007e-02  -4.12513928e-03
  -1.25244889e-01   4.37011577e-02  -1.15694563e-01   5.77474723e-02
  -2.81944960e-02   1.90238406e-02   5.63195157e-02  -1.82408820e-02
   6.31303657e-02  -3.07439529e-02   3.96811625e-02  -4.31356937e-02
  -3.72163185e-02   3.58288628e-02  -7.64196140e-03   1.59268475e-04
  -2.92535246e-02  -1.89779555e-02   6.63718845e-02  -7.92490557e-02
   4.05678520e-02  -7.95418666e-03  -1.15981008e-01  -6.69383010e-02
  -3.42843188e-02  -1.09319363e-01   9.23147962e-02  -1.17743689e-01
   8.28465938e-02  -5.37539048e-02  -6.04006365e-02  -4.92580761e-02
  -1.39309301e-01  -7.37427236e-02  -1.22015819e-01  -1.56145842e-03
  -3.25313601e-03   9.74363817e-02  -6.40804143e-02   1.68030799e-02
   1.42402704e-01  -5.96770455e-02   3.48755749e-02  -1.05501098e-02
   4.67770812e-02  -9.72829807e-02  -3.16394464e-02  -8.94641675e-02
   5.02434498e-02   3.97686893e-02   1.13193671e-02   3.98127064e-02
  -1.23800878e-01   2.13461904e-03  -3.21599537e-03  -5.59610404e-02
   7.25659553e-03  -5.50249284e-02   1.06041710e-03  -1.00684845e-01
   7.37943496e-02   1.84046546e-02  -9.22479918e-02  -6.43961933e-02
  -4.14172348e-02   5.98724843e-02  -6.40016176e-02   1.31659740e-01
   2.87434097e-03   1.68301695e-01  -6.38846504e-03  -3.66226813e-04
  -4.75807197e-02   1.13959139e-01   6.87676993e-02   1.86505297e-01
   2.81091235e-02  -6.67356226e-02  -6.80109665e-02  -8.09892508e-03
   5.57611619e-03  -3.71325729e-02  -1.10743811e-01  -5.36545817e-02
  -5.30354709e-02   2.33897235e-02   1.08863183e-01  -5.62419978e-02
  -1.15514296e-01   2.40289198e-02   1.27791613e-01   1.55529530e-03
  -5.45343825e-02  -5.36297964e-02   5.08987069e-02  -2.02177531e-02
  -1.36052756e-01   7.65795831e-03  -3.76430612e-02   1.12402084e-01
   6.29150182e-02   7.77952689e-02   5.10809449e-02  -8.99897698e-02
   1.32945745e-01   2.27582693e-02  -5.15025005e-02   1.86024457e-02
  -1.51790792e-02  -7.18270221e-02  -6.88479413e-04  -6.78040271e-02
  -1.38801800e-02  -7.02210149e-04  -1.75057363e-02   9.30812369e-02
  -2.75111872e-03  -8.86417967e-02   4.01986186e-02   1.62036788e-01
   2.68681610e-02   5.65401392e-02   1.65182756e-01  -3.95551207e-02
  -3.58746533e-02   3.50650724e-02  -1.20983062e-02  -5.45141564e-02
   4.89785132e-02   2.83629380e-02  -5.52331666e-02   2.75731855e-02
   9.78951206e-02  -2.62112025e-02  -1.31494896e-02  -1.11770362e-02
  -5.94792659e-02  -6.53256378e-02  -2.35742753e-02   5.25994603e-02
  -7.19401467e-02   1.30108267e-01  -1.65627086e-01   3.18575737e-02
  -1.14517253e-02  -2.43998009e-03  -8.51118827e-02  -6.01240619e-02
   3.98804480e-02  -1.68261510e-02   4.46976902e-03   1.06234678e-02
  -4.49568291e-02  -1.51543191e-01   3.92271309e-02   4.40311662e-02
  -3.24186358e-03  -2.97617839e-02  -8.88178547e-03   9.31433499e-03
   8.57158037e-02   8.29532676e-02   1.03113318e-02  -1.68016353e-02
  -4.38864769e-02   6.77775943e-02  -5.75257739e-03   1.89882235e-02
   9.94736833e-02   6.02657375e-02  -1.16231557e-01   8.61659585e-03
   1.48263602e-02  -4.08289871e-02   2.29286739e-02  -1.33371525e-02
  -5.77183068e-02   5.02255586e-02  -1.55262486e-01  -2.33824008e-02
   2.15540503e-02   5.66443551e-02  -2.26640513e-02   9.04463267e-03
   7.86288473e-02  -3.30406650e-02  -8.70459482e-03  -2.04664023e-02
  -1.18902247e-01  -2.42977282e-02   1.31504377e-02  -7.16776752e-02
   6.54399005e-02   4.82525936e-03   7.40772677e-02  -8.30820462e-02
  -2.64697014e-02  -8.84836854e-02   3.43638071e-03  -5.76437533e-02
   2.00082123e-01   9.17066511e-03  -5.27791305e-02  -4.45945777e-02
  -5.28270449e-02  -5.43057813e-02  -7.29432849e-02  -9.39918641e-02
  -6.38744252e-03  -1.21583307e-01  -3.44312253e-03   3.80429080e-02
   1.16194404e-02  -1.80123873e-03  -4.31965957e-02   1.98223229e-02
   8.80212253e-02  -9.14065634e-02   1.37366297e-01   9.10161383e-02
  -7.43609587e-02   1.99465253e-02  -1.12248712e-01   4.10769192e-03
   1.88516596e-02  -5.43390280e-03  -5.68443820e-02   1.33385224e-01
  -3.09214651e-02   5.19433407e-02   9.52782691e-02  -2.77282747e-02
  -4.78409680e-02   3.19384425e-02  -2.04663757e-01  -3.44658245e-03
   4.96033218e-02   1.61421265e-02   3.08892252e-02   5.33137515e-02
  -2.40350417e-02  -1.36560678e-01  -5.56998067e-02  -4.28323933e-02
  -1.89540993e-01   9.57070106e-02  -9.44489654e-02   2.58057907e-02
  -7.39655262e-02  -3.83826113e-02  -5.03595198e-02   1.53561709e-01
   6.83554657e-02   1.36480421e-02   3.36071440e-02  -6.87412046e-03
   4.99592932e-02   9.30655319e-02  -9.05087476e-02  -6.77145968e-02
   5.80891842e-03  -1.03998932e-01   6.51065431e-02  -3.82649213e-02
  -1.03760016e-01   3.56136038e-02   6.71452506e-02  -3.90466762e-02
  -7.68441365e-02   1.30656646e-02  -1.08009576e-01   1.51170722e-01 ]
[  7.55764306e-02  -5.74542523e-02  -1.31155605e-01  -6.58029803e-02
  -1.18928978e-01   3.17838542e-02  -1.14182158e-02  -7.19134447e-02
   2.49157381e-02   1.08486959e-03   8.98049192e-02   1.21172593e-02
  -8.91013166e-02  -7.66538373e-02   6.59267762e-02   1.71944907e-01
   3.12524756e-02   3.08745973e-04   1.92351084e-02  -3.85007943e-02
  -4.86896537e-02   3.18881147e-02   7.64371911e-02   1.59734074e-01
   4.08579992e-03   1.71632960e-01  -9.20354679e-03   4.36926323e-02
  -9.12354122e-02   8.67902058e-02  -1.41306651e-01   4.72689126e-03
  -8.13411968e-02   2.54898845e-02   4.16237119e-02  -3.64089430e-02
   3.21690522e-02  -3.07202938e-02   6.88021861e-02  -2.37910060e-02
  -4.39975354e-02   3.59299203e-02  -2.81775804e-02  -1.11523138e-02
  -1.18202817e-02  -2.62382347e-02   2.10082623e-02  -6.91886999e-02
   5.63361252e-02  -2.90809966e-02  -1.12463340e-01  -6.26263278e-02
   2.36471816e-02  -7.58511560e-02   6.58938970e-02  -5.79937689e-02
   4.74235400e-02  -9.40739516e-02  -5.83217163e-02   4.85912365e-03
  -1.56473786e-01  -7.06512511e-02  -1.27422071e-01   2.48946312e-02
  -3.47024849e-02   9.35135795e-02  -6.11567485e-02   5.78402749e-02
   1.07388175e-01  -3.62253856e-02   1.16938841e-02   1.86651398e-02
   6.48441286e-02  -8.61477986e-02  -7.20928517e-03  -4.27048822e-02
   6.78834970e-02   4.87065465e-02  -8.06462237e-03   5.06733331e-02
  -1.88982642e-01   6.71393108e-03  -1.08863757e-02  -5.02262023e-02
  -2.14084541e-02  -6.10632514e-02   3.01362808e-02  -8.00880668e-02
   1.09400688e-01  -3.93109730e-02  -1.56456452e-02  -9.53430748e-03
  -4.76383850e-05   6.59200590e-02  -7.25431389e-02   8.37019917e-02
  -6.83360031e-03   1.27604277e-01  -3.40453148e-02  -1.06479903e-02
  -4.21637755e-02   6.90393803e-02   8.54083546e-02   1.69474188e-01
  -9.54763142e-03  -5.29847960e-02  -1.20532032e-01  -1.53833820e-02
   1.42853617e-02  -6.57835940e-02  -7.40232376e-02  -4.27566880e-02
  -1.29318549e-01   6.79621565e-02   8.56284843e-02  -5.66763488e-02
  -5.02695375e-02  -1.40881682e-02   1.78593099e-01   3.80376899e-03
  -1.25925422e-01   3.39147735e-02   5.95130564e-02  -7.84297126e-02
  -1.44954158e-01   6.99375578e-02  -2.59554592e-02   1.26844041e-01
   1.77487369e-02   3.66610889e-02   6.74735153e-03  -1.39811689e-01
   1.36023306e-01   5.96843530e-03  -7.41956995e-02   6.26253229e-03
  -2.01209602e-02  -1.18101719e-01   2.56171112e-02  -6.84259620e-02
   2.83959685e-02  -1.79906806e-03  -8.41375844e-03   7.39970250e-02
  -2.87494789e-02  -1.11379968e-01   5.23239527e-02   1.64906055e-01
   4.19569244e-02  -3.92801631e-05   1.76444753e-01   6.03432513e-03
  -8.61687759e-02   1.80886207e-02  -4.44744277e-03  -5.35791037e-02
   2.40170904e-02   4.68572380e-04  -2.90095310e-02  -3.29887475e-03
   1.02156842e-01  -3.41764613e-02  -1.61478082e-02  -1.66500459e-02
  -5.38363825e-02  -4.84549015e-02  -6.43091509e-02   4.81382943e-02
  -7.38984217e-02   1.07207248e-01  -1.42347665e-01   4.07921397e-03
   2.35846516e-02  -2.02719658e-02  -9.10769002e-02  -9.58917659e-02
   3.09113266e-02  -5.32099986e-02  -3.54371607e-02  -6.82738185e-02
  -1.58749815e-02  -1.13121502e-01   9.85761865e-03  -2.00526139e-02
  -4.79601645e-02  -2.27813450e-02  -2.11181328e-02  -1.41227780e-02
   4.85460400e-02   5.51660112e-02   4.65335855e-02  -5.16062442e-02
  -4.57696766e-02   8.07193310e-02   8.40632537e-03   4.28463131e-02
   6.34964205e-02   6.19340132e-02  -1.39557303e-01   2.97195236e-04
   3.62147671e-02  -4.02964081e-02   2.40986929e-02   3.04349959e-02
  -7.75367331e-02   8.28110900e-03  -1.56538356e-01  -6.69330392e-02
  -3.09058136e-02   3.91659270e-02  -1.02411213e-01   5.84227041e-02
   5.28856134e-02  -3.82890755e-02  -1.45600366e-02   6.64121673e-03
  -1.35083270e-01   1.76519694e-02   5.92732363e-03  -4.19651189e-02
   7.50788858e-02  -2.41485026e-02   7.53822631e-02  -5.19457273e-02
   2.23745248e-02  -3.51462830e-02  -1.78766143e-02  -8.29313342e-02
   1.66904862e-01   2.53498604e-02  -2.38659568e-02  -6.82235359e-02
  -4.62948659e-02  -6.26045328e-02  -5.35453078e-02  -8.37790670e-02
  -9.10361947e-04  -6.44716505e-02  -2.83939912e-02   1.01551661e-01
   1.51561779e-02   8.70756860e-02  -5.54437191e-02   5.04901984e-02
   7.23490179e-02  -6.01327221e-02   1.07385908e-01   1.10534863e-01
  -8.47124760e-02   7.64680731e-02  -2.49664245e-02  -2.65107840e-02
   1.00820479e-02  -2.71797561e-02  -7.87123176e-02   1.18603947e-01
  -3.61267634e-02   6.42875699e-02   6.11550120e-02  -4.89148857e-02
  -2.58907270e-02   6.81936277e-02  -2.49396890e-01   3.03837587e-02
   7.93075087e-02   2.60906457e-02   5.54325120e-02   6.03476332e-02
   1.11739639e-02  -1.23354833e-01  -5.30916752e-02  -6.42814547e-02
  -2.58197095e-01   9.32116027e-02  -1.03851005e-01   2.76248996e-02
  -5.26613399e-02   2.67218668e-02   7.95234976e-03   1.30994749e-01
   7.48381979e-02  -4.49700285e-02   9.26598820e-03   2.16396194e-02
  -2.90015196e-02   5.23679973e-02  -5.57752098e-02  -5.17117999e-02
   1.07950565e-02  -4.99133311e-02   6.10851387e-02  -3.69136945e-02
  -1.38721648e-01  -1.72573364e-02   1.01421968e-01  -5.09706307e-02
  -1.03462825e-01   7.59992435e-02  -7.65023413e-02   8.21754423e-02 ]
